100.000
150.000
225.000
337.500
506.250
759.375
1,139.063
1,708.594
2,562.891
3,844.336
5,766.504
8,649.756
12,974.634
19,461.951
29,192.926
43,789.389
65,684.084
98,526.125
147,789.188
221,683.782
332,525.673
498,788.510
748,182.764
1,122,274.146
1,683,411.220
2,525,116.829
3,787,675.244
5,681,512.866
8,522,269.299
12,783,403.949
19,175,105.923
28,762,658.885
43,143,988.327
64,715,982.491
97,073,973.737
145,610,960.605
218,416,440.907
327,624,661.361
491,436,992.042
737,155,488.063
1,105,733,232.094
1,658,599,848.141
2,487,899,772.212
3,731,849,658.317
5,597,774,487.476
8,396,661,731.214
12,594,992,596.821
18,892,488,895.231
28,338,733,342.847
42,508,100,014.270
63,762,150,021.405
95,643,225,032.108
143,464,837,548.161
215,197,256,322.242
322,795,884,483.363
484,193,826,725.044
726,290,740,087.566
1,089,436,110,131.350
1,634,154,165,197.020
2,451,231,247,795.540
100.000
150.000
225.000
337.500
506.250
759.375
1,139.063
1,708.594
2,562.891
3,844.336
5,766.504
8,649.756
12,974.634
19,461.951
29,192.926
43,789.389
65,684.084
98,526.125
147,789.188
221,683.782
332,525.673
498,788.510
748,182.764
1,122,274.146
1,683,411.220
2,525,116.829
3,787,675.244
5,681,512.866
8,522,269.299
12,783,403.949
19,175,105.923
28,762,658.885
43,143,988.327
64,715,982.491
97,073,973.737
145,610,960.605
218,416,440.907
327,624,661.361
491,436,992.042
737,155,488.063
1,105,733,232.094
1,658,599,848.141
2,487,899,772.212
3,731,849,658.317
5,597,774,487.476
8,396,661,731.214
12,594,992,596.821
18,892,488,895.231
28,338,733,342.847
42,508,100,014.270
63,762,150,021.405
95,643,225,032.108
143,464,837,548.161
215,197,256,322.242
322,795,884,483.363
484,193,826,725.044
726,290,740,087.566
1,089,436,110,131.350
1,634,154,165,197.020
2,451,231,247,795.540
100.000
150.000
225.000
337.500
506.250
759.375
1,139.063
1,708.594
2,562.891
3,844.336
5,766.504
8,649.756
12,974.634
19,461.951
29,192.926
43,789.389
65,684.084
98,526.125
147,789.188
221,683.782
332,525.673
498,788.510
748,182.764
1,122,274.146
1,683,411.220
2,525,116.829
3,787,675.244
5,681,512.866
8,522,269.299
12,783,403.949
19,175,105.923
28,762,658.885
43,143,988.327
64,715,982.491
97,073,973.737
145,610,960.605
218,416,440.907
327,624,661.361
491,436,992.042
737,155,488.063
1,105,733,232.094
1,658,599,848.141
2,487,899,772.212
3,731,849,658.317
5,597,774,487.476
8,396,661,731.214
12,594,992,596.821
18,892,488,895.231
28,338,733,342.847
42,508,100,014.270
63,762,150,021.405
95,643,225,032.108
143,464,837,548.161
215,197,256,322.242
322,795,884,483.363
484,193,826,725.044
726,290,740,087.566
1,089,436,110,131.350
1,634,154,165,197.020
2,451,231,247,795.540
100.000
150.000
225.000
337.500
506.250
759.375
1,139.063
1,708.594
2,562.891
3,844.336
5,766.504
8,649.756
12,974.634
19,461.951
29,192.926
43,789.389
65,684.084
98,526.125
147,789.188
221,683.782
332,525.673
498,788.510
748,182.764
1,122,274.146
1,683,411.220
2,525,116.829
3,787,675.244
5,681,512.866
8,522,269.299
12,783,403.949
19,175,105.923
28,762,658.885
43,143,988.327
64,715,982.491
97,073,973.737
145,610,960.605
218,416,440.907
327,624,661.361
491,436,992.042
737,155,488.063
1,105,733,232.094
1,658,599,848.141
2,487,899,772.212
3,731,849,658.317
5,597,774,487.476
8,396,661,731.214
12,594,992,596.821
18,892,488,895.231
28,338,733,342.847
42,508,100,014.270
63,762,150,021.405
95,643,225,032.108
143,464,837,548.161
215,197,256,322.242
322,795,884,483.363
484,193,826,725.044
726,290,740,087.566
1,089,436,110,131.350
1,634,154,165,197.020
2,451,231,247,795.540
100.000
150.000
225.000
337.500
506.250
759.375
1,139.063
1,708.594
2,562.891
3,844.336
5,766.504
8,649.756
12,974.634
19,461.951
29,192.926
43,789.389
65,684.084
98,526.125
147,789.188
221,683.782
332,525.673
498,788.510
748,182.764
1,122,274.146
1,683,411.220
2,525,116.829
3,787,675.244
5,681,512.866
8,522,269.299
12,783,403.949
19,175,105.923
28,762,658.885
43,143,988.327
64,715,982.491
97,073,973.737
145,610,960.605
218,416,440.907
327,624,661.361
491,436,992.042
737,155,488.063
1,105,733,232.094
1,658,599,848.141
2,487,899,772.212
3,731,849,658.317
5,597,774,487.476
8,396,661,731.214
12,594,992,596.821
18,892,488,895.231
28,338,733,342.847
42,508,100,014.270
63,762,150,021.405
95,643,225,032.108
143,464,837,548.161
215,197,256,322.242
322,795,884,483.363
484,193,826,725.044
726,290,740,087.566
1,089,436,110,131.350
1,634,154,165,197.020
2,451,231,247,795.540
100.000
150.000
225.000
337.500
506.250
759.375
1,139.063
1,708.594
2,562.891
3,844.336
5,766.504
8,649.756
12,974.634
19,461.951
29,192.926
43,789.389
65,684.084
98,526.125
147,789.188
221,683.782
332,525.673
498,788.510
748,182.764
1,122,274.146
1,683,411.220
2,525,116.829
3,787,675.244
5,681,512.866
8,522,269.299
12,783,403.949
19,175,105.923
28,762,658.885
43,143,988.327
64,715,982.491
97,073,973.737
145,610,960.605
218,416,440.907
327,624,661.361
491,436,992.042
737,155,488.063
1,105,733,232.094
1,658,599,848.141
2,487,899,772.212
3,731,849,658.317
5,597,774,487.476
8,396,661,731.214
12,594,992,596.821
18,892,488,895.231
28,338,733,342.847
42,508,100,014.270
63,762,150,021.405
95,643,225,032.108
143,464,837,548.161
215,197,256,322.242
322,795,884,483.363
484,193,826,725.044
726,290,740,087.566
1,089,436,110,131.350
1,634,154,165,197.020
2,451,231,247,795.540
100.000
150.000
225.000
337.500
506.250
759.375
1,139.063
1,708.594
2,562.891
3,844.336
5,766.504
8,649.756
12,974.634
19,461.951
29,192.926
43,789.389
65,684.084
98,526.125
147,789.188
221,683.782
332,525.673
498,788.510
748,182.764
1,122,274.146
1,683,411.220
2,525,116.829
3,787,675.244
5,681,512.866
8,522,269.299
12,783,403.949
19,175,105.923
28,762,658.885
43,143,988.327
64,715,982.491
97,073,973.737
145,610,960.605
218,416,440.907
327,624,661.361
491,436,992.042
737,155,488.063
1,105,733,232.094
1,658,599,848.141
2,487,899,772.212
3,731,849,658.317
5,597,774,487.476
8,396,661,731.214
12,594,992,596.821
18,892,488,895.231
28,338,733,342.847
42,508,100,014.270
63,762,150,021.405
95,643,225,032.108
143,464,837,548.161
215,197,256,322.242
322,795,884,483.363
484,193,826,725.044
726,290,740,087.566
1,089,436,110,131.350
1,634,154,165,197.020
2,451,231,247,795.540
100.000
150.000
225.000
337.500
506.250
759.375
1,139.063
1,708.594
2,562.891
3,844.336
5,766.504
8,649.756
12,974.634
19,461.951
29,192.926
43,789.389
65,684.084
98,526.125
147,789.188
221,683.782
332,525.673
498,788.510
748,182.764
1,122,274.146
1,683,411.220
2,525,116.829
3,787,675.244
5,681,512.866
8,522,269.299
12,783,403.949
19,175,105.923
28,762,658.885
43,143,988.327
64,715,982.491
97,073,973.737
145,610,960.605
218,416,440.907
327,624,661.361
491,436,992.042
737,155,488.063
1,105,733,232.094
1,658,599,848.141
2,487,899,772.212
3,731,849,658.317
5,597,774,487.476
8,396,661,731.214
12,594,992,596.821
18,892,488,895.231
28,338,733,342.847
42,508,100,014.270
63,762,150,021.405
95,643,225,032.108
143,464,837,548.161
215,197,256,322.242
322,795,884,483.363
484,193,826,725.044
726,290,740,087.566
1,089,436,110,131.350
1,634,154,165,197.020
2,451,231,247,795.540
100.000
150.000
225.000
337.500
506.250
759.375
1,139.063
1,708.594
2,562.891
3,844.336
5,766.504
8,649.756
12,974.634
19,461.951
29,192.926
43,789.389
65,684.084
98,526.125
147,789.188
221,683.782
332,525.673
498,788.510
748,182.764
1,122,274.146
1,683,411.220
2,525,116.829
3,787,675.244
5,681,512.866
8,522,269.299
12,783,403.949
19,175,105.923
28,762,658.885
43,143,988.327
64,715,982.491
97,073,973.737
145,610,960.605
218,416,440.907
327,624,661.361
491,436,992.042
737,155,488.063
1,105,733,232.094
1,658,599,848.141
2,487,899,772.212
3,731,849,658.317
5,597,774,487.476
8,396,661,731.214
12,594,992,596.821
18,892,488,895.231
28,338,733,342.847
42,508,100,014.270
63,762,150,021.405
95,643,225,032.108
143,464,837,548.161
215,197,256,322.242
322,795,884,483.363
484,193,826,725.044
726,290,740,087.566
1,089,436,110,131.350
1,634,154,165,197.020
2,451,231,247,795.540
100.000
150.000
225.000
337.500
506.250
759.375
1,139.063
1,708.594
2,562.891
3,844.336
5,766.504
8,649.756
12,974.634
19,461.951
29,192.926
43,789.389
65,684.084
98,526.125
147,789.188
221,683.782
332,525.673
498,788.510
748,182.764
1,122,274.146
1,683,411.220
2,525,116.829
3,787,675.244
5,681,512.866
8,522,269.299
12,783,403.949
19,175,105.923
28,762,658.885
43,143,988.327
64,715,982.491
97,073,973.737
145,610,960.605
218,416,440.907
327,624,661.361
491,436,992.042
737,155,488.063
1,105,733,232.094
1,658,599,848.141
2,487,899,772.212
3,731,849,658.317
5,597,774,487.476
8,396,661,731.214
12,594,992,596.821
18,892,488,895.231
28,338,733,342.847
42,508,100,014.270
63,762,150,021.405
95,643,225,032.108
143,464,837,548.161
215,197,256,322.242
322,795,884,483.363
484,193,826,725.044
726,290,740,087.566
1,089,436,110,131.350
1,634,154,165,197.020
2,451,231,247,795.540
100.000
150.000
225.000
337.500
506.250
759.375
1,139.063
1,708.594
2,562.891
3,844.336
5,766.504
8,649.756
12,974.634
19,461.951
29,192.926
43,789.389
65,684.084
98,526.125
147,789.188
221,683.782
332,525.673
498,788.510
748,182.764
1,122,274.146
1,683,411.220
2,525,116.829
3,787,675.244
5,681,512.866
8,522,269.299
12,783,403.949
19,175,105.923
28,762,658.885
43,143,988.327
64,715,982.491
97,073,973.737
145,610,960.605
218,416,440.907
327,624,661.361
491,436,992.042
737,155,488.063
1,105,733,232.094
1,658,599,848.141
2,487,899,772.212
3,731,849,658.317
5,597,774,487.476
8,396,661,731.214
12,594,992,596.821
18,892,488,895.231
28,338,733,342.847
42,508,100,014.270
63,762,150,021.405
95,643,225,032.108
143,464,837,548.161
215,197,256,322.242
322,795,884,483.363
484,193,826,725.044
726,290,740,087.566
1,089,436,110,131.350
1,634,154,165,197.020
2,451,231,247,795.540
100.000
150.000
225.000
337.500
506.250
759.375
1,139.063
1,708.594
2,562.891
3,844.336
5,766.504
8,649.756
12,974.634
19,461.951
29,192.926
43,789.389
65,684.084
98,526.125
147,789.188
221,683.782
332,525.673
498,788.510
748,182.764
1,122,274.146
1,683,411.220
2,525,116.829
3,787,675.244
5,681,512.866
8,522,269.299
12,783,403.949
19,175,105.923
28,762,658.885
43,143,988.327
64,715,982.491
97,073,973.737
145,610,960.605
218,416,440.907
327,624,661.361
491,436,992.042
737,155,488.063
1,105,733,232.094
1,658,599,848.141
2,487,899,772.212
3,731,849,658.317
5,597,774,487.476
8,396,661,731.214
12,594,992,596.821
18,892,488,895.231
28,338,733,342.847
42,508,100,014.270
63,762,150,021.405
95,643,225,032.108
143,464,837,548.161
215,197,256,322.242
322,795,884,483.363
484,193,826,725.044
726,290,740,087.566
1,089,436,110,131.350
1,634,154,165,197.020
2,451,231,247,795.540
100.000
150.000
225.000
337.500
506.250
759.375
1,139.063
1,708.594
2,562.891
3,844.336
5,766.504
8,649.756
12,974.634
19,461.951
29,192.926
43,789.389
65,684.084
98,526.125
147,789.188
221,683.782
332,525.673
498,788.510
748,182.764
1,122,274.146
1,683,411.220
2,525,116.829
3,787,675.244
5,681,512.866
8,522,269.299
12,783,403.949
19,175,105.923
28,762,658.885
43,143,988.327
64,715,982.491
97,073,973.737
145,610,960.605
218,416,440.907
327,624,661.361
491,436,992.042
737,155,488.063
1,105,733,232.094
1,658,599,848.141
2,487,899,772.212
3,731,849,658.317
5,597,774,487.476
8,396,661,731.214
12,594,992,596.821
18,892,488,895.231
28,338,733,342.847
42,508,100,014.270
63,762,150,021.405
95,643,225,032.108
143,464,837,548.161
215,197,256,322.242
322,795,884,483.363
484,193,826,725.044
726,290,740,087.566
1,089,436,110,131.350
1,634,154,165,197.020
2,451,231,247,795.540
100.000
150.000
225.000
337.500
506.250
759.375
1,139.063
1,708.594
2,562.891
3,844.336
5,766.504
8,649.756
12,974.634
19,461.951
29,192.926
43,789.389
65,684.084
98,526.125
147,789.188
221,683.782
332,525.673
498,788.510
748,182.764
1,122,274.146
1,683,411.220
2,525,116.829
3,787,675.244
5,681,512.866
8,522,269.299
12,783,403.949
19,175,105.923
28,762,658.885
43,143,988.327
64,715,982.491
97,073,973.737
145,610,960.605
218,416,440.907
327,624,661.361
491,436,992.042
737,155,488.063
1,105,733,232.094
1,658,599,848.141
2,487,899,772.212
3,731,849,658.317
5,597,774,487.476
8,396,661,731.214
12,594,992,596.821
18,892,488,895.231
28,338,733,342.847
42,508,100,014.270
63,762,150,021.405
95,643,225,032.108
143,464,837,548.161
215,197,256,322.242
322,795,884,483.363
484,193,826,725.044
726,290,740,087.566
1,089,436,110,131.350
1,634,154,165,197.020
2,451,231,247,795.540
100.000
150.000
225.000
337.500
506.250
759.375
1,139.063
1,708.594
2,562.891
3,844.336
5,766.504
8,649.756
12,974.634
19,461.951
29,192.926
43,789.389
65,684.084
98,526.125
147,789.188
221,683.782
332,525.673
498,788.510
748,182.764
1,122,274.146
1,683,411.220
2,525,116.829
3,787,675.244
5,681,512.866
8,522,269.299
12,783,403.949
19,175,105.923
28,762,658.885
43,143,988.327
64,715,982.491
97,073,973.737
145,610,960.605
218,416,440.907
327,624,661.361
491,436,992.042
737,155,488.063
1,105,733,232.094
1,658,599,848.141
2,487,899,772.212
3,731,849,658.317
5,597,774,487.476
8,396,661,731.214
12,594,992,596.821
18,892,488,895.231
28,338,733,342.847
42,508,100,014.270
63,762,150,021.405
95,643,225,032.108
143,464,837,548.161
215,197,256,322.242
322,795,884,483.363
484,193,826,725.044
726,290,740,087.566
1,089,436,110,131.350
1,634,154,165,197.020
2,451,231,247,795.540
100.000
150.000
225.000
337.500
506.250
759.375
1,139.063
1,708.594
2,562.891
3,844.336
5,766.504
8,649.756
12,974.634
19,461.951
29,192.926
43,789.389
65,684.084
98,526.125
147,789.188
221,683.782
332,525.673
498,788.510
748,182.764
1,122,274.146
1,683,411.220
2,525,116.829
3,787,675.244
5,681,512.866
8,522,269.299
12,783,403.949
19,175,105.923
28,762,658.885
43,143,988.327
64,715,982.491
97,073,973.737
145,610,960.605
218,416,440.907
327,624,661.361
491,436,992.042
737,155,488.063
1,105,733,232.094
1,658,599,848.141
2,487,899,772.212
3,731,849,658.317
5,597,774,487.476
8,396,661,731.214
12,594,992,596.821
18,892,488,895.231
28,338,733,342.847
42,508,100,014.270
63,762,150,021.405
95,643,225,032.108
143,464,837,548.161
215,197,256,322.242
322,795,884,483.363
484,193,826,725.044
726,290,740,087.566
1,089,436,110,131.350
1,634,154,165,197.020
2,451,231,247,795.540
100.000
150.000
225.000
337.500
506.250
759.375
1,139.063
1,708.594
2,562.891
3,844.336
5,766.504
8,649.756
12,974.634
19,461.951
29,192.926
43,789.389
65,684.084
98,526.125
147,789.188
221,683.782
332,525.673
498,788.510
748,182.764
1,122,274.146
1,683,411.220
2,525,116.829
3,787,675.244
5,681,512.866
8,522,269.299
12,783,403.949
19,175,105.923
28,762,658.885
43,143,988.327
64,715,982.491
97,073,973.737
145,610,960.605
218,416,440.907
327,624,661.361
491,436,992.042
737,155,488.063
1,105,733,232.094
1,658,599,848.141
2,487,899,772.212
3,731,849,658.317
5,597,774,487.476
8,396,661,731.214
12,594,992,596.821
18,892,488,895.231
28,338,733,342.847
42,508,100,014.270
63,762,150,021.405
95,643,225,032.108
143,464,837,548.161
215,197,256,322.242
322,795,884,483.363
484,193,826,725.044
726,290,740,087.566
1,089,436,110,131.350
1,634,154,165,197.020
2,451,231,247,795.540
100.000
150.000
225.000
337.500
506.250
759.375
1,139.063
1,708.594
2,562.891
3,844.336
5,766.504
8,649.756
12,974.634
19,461.951
29,192.926
43,789.389
65,684.084
98,526.125
147,789.188
221,683.782
332,525.673
498,788.510
748,182.764
1,122,274.146
1,683,411.220
2,525,116.829
3,787,675.244
5,681,512.866
8,522,269.299
12,783,403.949
19,175,105.923
28,762,658.885
43,143,988.327
64,715,982.491
97,073,973.737
145,610,960.605
218,416,440.907
327,624,661.361
491,436,992.042
737,155,488.063
1,105,733,232.094
1,658,599,848.141
2,487,899,772.212
3,731,849,658.317
5,597,774,487.476
8,396,661,731.214
12,594,992,596.821
18,892,488,895.231
28,338,733,342.847
42,508,100,014.270
63,762,150,021.405
95,643,225,032.108
143,464,837,548.161
215,197,256,322.242
322,795,884,483.363
484,193,826,725.044
726,290,740,087.566
1,089,436,110,131.350
1,634,154,165,197.020
2,451,231,247,795.540
100.000
150.000
225.000
337.500
506.250
759.375
1,139.063
1,708.594
2,562.891
3,844.336
5,766.504
8,649.756
12,974.634
19,461.951
29,192.926
43,789.389
65,684.084
98,526.125
147,789.188
221,683.782
332,525.673
498,788.510
748,182.764
1,122,274.146
1,683,411.220
2,525,116.829
3,787,675.244
5,681,512.866
8,522,269.299
12,783,403.949
19,175,105.923
28,762,658.885
43,143,988.327
64,715,982.491
97,073,973.737
145,610,960.605
218,416,440.907
327,624,661.361
491,436,992.042
737,155,488.063
1,105,733,232.094
1,658,599,848.141
2,487,899,772.212
3,731,849,658.317
5,597,774,487.476
8,396,661,731.214
12,594,992,596.821
18,892,488,895.231
28,338,733,342.847
42,508,100,014.270
63,762,150,021.405
95,643,225,032.108
143,464,837,548.161
215,197,256,322.242
322,795,884,483.363
484,193,826,725.044
726,290,740,087.566
1,089,436,110,131.350
1,634,154,165,197.020
2,451,231,247,795.540
100.000
150.000
225.000
337.500
506.250
759.375
1,139.063
1,708.594
2,562.891
3,844.336
5,766.504
8,649.756
12,974.634
19,461.951
29,192.926
43,789.389
65,684.084
98,526.125
147,789.188
221,683.782
332,525.673
498,788.510
748,182.764
1,122,274.146
1,683,411.220
2,525,116.829
3,787,675.244
5,681,512.866
8,522,269.299
12,783,403.949
19,175,105.923
28,762,658.885
43,143,988.327
64,715,982.491
97,073,973.737
145,610,960.605
218,416,440.907
327,624,661.361
491,436,992.042
737,155,488.063
1,105,733,232.094
1,658,599,848.141
2,487,899,772.212
3,731,849,658.317
5,597,774,487.476
8,396,661,731.214
12,594,992,596.821
18,892,488,895.231
28,338,733,342.847
42,508,100,014.270
63,762,150,021.405
95,643,225,032.108
143,464,837,548.161
215,197,256,322.242
322,795,884,483.363
484,193,826,725.044
726,290,740,087.566
1,089,436,110,131.350
1,634,154,165,197.020
2,451,231,247,795.540
100.000
150.000
225.000
337.500
506.250
759.375
1,139.063
1,708.594
2,562.891
3,844.336
5,766.504
8,649.756
12,974.634
19,461.951
29,192.926
43,789.389
65,684.084
98,526.125
147,789.188
221,683.782
332,525.673
498,788.510
748,182.764
1,122,274.146
1,683,411.220
2,525,116.829
3,787,675.244
5,681,512.866
8,522,269.299
12,783,403.949
19,175,105.923
28,762,658.885
43,143,988.327
64,715,982.491
97,073,973.737
145,610,960.605
218,416,440.907
327,624,661.361
491,436,992.042
737,155,488.063
1,105,733,232.094
1,658,599,848.141
2,487,899,772.212
3,731,849,658.317
5,597,774,487.476
8,396,661,731.214
12,594,992,596.821
18,892,488,895.231
28,338,733,342.847
42,508,100,014.270
63,762,150,021.405
95,643,225,032.108
143,464,837,548.161
215,197,256,322.242
322,795,884,483.363
484,193,826,725.044
726,290,740,087.566
1,089,436,110,131.350
1,634,154,165,197.020
2,451,231,247,795.540
100.000
150.000
225.000
337.500
506.250
759.375
1,139.063
1,708.594
2,562.891
3,844.336
5,766.504
8,649.756
12,974.634
19,461.951
29,192.926
43,789.389
65,684.084
98,526.125
147,789.188
221,683.782
332,525.673
498,788.510
748,182.764
1,122,274.146
1,683,411.220
2,525,116.829
3,787,675.244
5,681,512.866
8,522,269.299
12,783,403.949
19,175,105.923
28,762,658.885
43,143,988.327
64,715,982.491
97,073,973.737
145,610,960.605
218,416,440.907
327,624,661.361
491,436,992.042
737,155,488.063
1,105,733,232.094
1,658,599,848.141
2,487,899,772.212
3,731,849,658.317
5,597,774,487.476
8,396,661,731.214
12,594,992,596.821
18,892,488,895.231
28,338,733,342.847
42,508,100,014.270
63,762,150,021.405
95,643,225,032.108
143,464,837,548.161
215,197,256,322.242
322,795,884,483.363
484,193,826,725.044
726,290,740,087.566
1,089,436,110,131.350
1,634,154,165,197.020
2,451,231,247,795.540
100.000
150.000
225.000
337.500
506.250
759.375
1,139.063
1,708.594
2,562.891
3,844.336
5,766.504
8,649.756
12,974.634
19,461.951
29,192.926
43,789.389
65,684.084
98,526.125
147,789.188
221,683.782
332,525.673
498,788.510
748,182.764
1,122,274.146
1,683,411.220
2,525,116.829
3,787,675.244
5,681,512.866
8,522,269.299
12,783,403.949
19,175,105.923
28,762,658.885
43,143,988.327
64,715,982.491
97,073,973.737
145,610,960.605
218,416,440.907
327,624,661.361
491,436,992.042
737,155,488.063
1,105,733,232.094
1,658,599,848.141
2,487,899,772.212
3,731,849,658.317
5,597,774,487.476
8,396,661,731.214
12,594,992,596.821
18,892,488,895.231
28,338,733,342.847
42,508,100,014.270
63,762,150,021.405
95,643,225,032.108
143,464,837,548.161
215,197,256,322.242
322,795,884,483.363
484,193,826,725.044
726,290,740,087.566
1,089,436,110,131.350
1,634,154,165,197.020
2,451,231,247,795.540
100.000
120.000
144.000
172.800
207.360
248.832
298.598
358.318
429.982
515.978
619.174
743.009
891.610
1,069.933
1,283.919
1,540.703
1,848.844
2,218.613
2,662.335
3,194.802
3,833.763
4,600.516
5,520.619
6,624.743
7,949.692
9,539.631
11,447.558
13,737.070
16,484.485
19,781.382
23,737.660
28,485.193
34,182.233
41,018.681
49,222.419
59,066.905
70,880.289
85,056.350
102,067.624
122,481.154
146,977.390
176,372.876
211,647.459
253,976.961
304,772.365
365,726.853
438,872.241
526,646.710
631,976.077
758,371.322
910,045.623
1,092,054.791
1,310,465.801
1,572,559.024
1,887,070.904
2,264,485.175
2,717,382.318
3,260,858.911
3,913,030.848
4,695,637.205
100.000
120.000
144.000
172.800
207.360
248.832
298.598
358.318
429.982
515.978
619.174
743.009
891.610
1,069.933
1,283.919
1,540.703
1,848.844
2,218.613
2,662.335
3,194.802
3,833.763
4,600.516
5,520.619
6,624.743
7,949.692
9,539.631
11,447.558
13,737.070
16,484.485
19,781.382
23,737.660
28,485.193
34,182.233
41,018.681
49,222.419
59,066.905
70,880.289
85,056.350
102,067.624
122,481.154
146,977.390
176,372.876
211,647.459
253,976.961
304,772.365
365,726.853
438,872.241
526,646.710
631,976.077
758,371.322
910,045.623
1,092,054.791
1,310,465.801
1,572,559.024
1,887,070.904
2,264,485.175
2,717,382.318
3,260,858.911
3,913,030.848
4,695,637.205
100.000
120.000
144.000
172.800
207.360
248.832
298.598
358.318
429.982
515.978
619.174
743.009
891.610
1,069.933
1,283.919
1,540.703
1,848.844
2,218.613
2,662.335
3,194.802
3,833.763
4,600.516
5,520.619
6,624.743
7,949.692
9,539.631
11,447.558
13,737.070
16,484.485
19,781.382
23,737.660
28,485.193
34,182.233
41,018.681
49,222.419
59,066.905
70,880.289
85,056.350
102,067.624
122,481.154
146,977.390
176,372.876
211,647.459
253,976.961
304,772.365
365,726.853
438,872.241
526,646.710
631,976.077
758,371.322
910,045.623
1,092,054.791
1,310,465.801
1,572,559.024
1,887,070.904
2,264,485.175
2,717,382.318
3,260,858.911
3,913,030.848
4,695,637.205
100.000
120.000
144.000
172.800
207.360
248.832
298.598
358.318
429.982
515.978
619.174
743.009
891.610
1,069.933
1,283.919
1,540.703
1,848.844
2,218.613
2,662.335
3,194.802
3,833.763
4,600.516
5,520.619
6,624.743
7,949.692
9,539.631
11,447.558
13,737.070
16,484.485
19,781.382
23,737.660
28,485.193
34,182.233
41,018.681
49,222.419
59,066.905
70,880.289
85,056.350
102,067.624
122,481.154
146,977.390
176,372.876
211,647.459
253,976.961
304,772.365
365,726.853
438,872.241
526,646.710
631,976.077
758,371.322
910,045.623
1,092,054.791
1,310,465.801
1,572,559.024
1,887,070.904
2,264,485.175
2,717,382.318
3,260,858.911
3,913,030.848
4,695,637.205
100.000
120.000
144.000
172.800
207.360
248.832
298.598
358.318
429.982
515.978
619.174
743.009
891.610
1,069.933
1,283.919
1,540.703
1,848.844
2,218.613
2,662.335
3,194.802
3,833.763
4,600.516
5,520.619
6,624.743
7,949.692
9,539.631
11,447.558
13,737.070
16,484.485
19,781.382
23,737.660
28,485.193
34,182.233
41,018.681
49,222.419
59,066.905
70,880.289
85,056.350
102,067.624
122,481.154
146,977.390
176,372.876
211,647.459
253,976.961
304,772.365
365,726.853
438,872.241
526,646.710
631,976.077
758,371.322
910,045.623
1,092,054.791
1,310,465.801
1,572,559.024
1,887,070.904
2,264,485.175
2,717,382.318
3,260,858.911
3,913,030.848
4,695,637.205
100.000
120.000
144.000
172.800
207.360
248.832
298.598
358.318
429.982
515.978
619.174
743.009
891.610
1,069.933
1,283.919
1,540.703
1,848.844
2,218.613
2,662.335
3,194.802
3,833.763
4,600.516
5,520.619
6,624.743
7,949.692
9,539.631
11,447.558
13,737.070
16,484.485
19,781.382
23,737.660
28,485.193
34,182.233
41,018.681
49,222.419
59,066.905
70,880.289
85,056.350
102,067.624
122,481.154
146,977.390
176,372.876
211,647.459
253,976.961
304,772.365
365,726.853
438,872.241
526,646.710
631,976.077
758,371.322
910,045.623
1,092,054.791
1,310,465.801
1,572,559.024
1,887,070.904
2,264,485.175
2,717,382.318
3,260,858.911
3,913,030.848
4,695,637.205
100.000
120.000
144.000
172.800
207.360
248.832
298.598
358.318
429.982
515.978
619.174
743.009
891.610
1,069.933
1,283.919
1,540.703
1,848.844
2,218.613
2,662.335
3,194.802
3,833.763
4,600.516
5,520.619
6,624.743
7,949.692
9,539.631
11,447.558
13,737.070
16,484.485
19,781.382
23,737.660
28,485.193
34,182.233
41,018.681
49,222.419
59,066.905
70,880.289
85,056.350
102,067.624
122,481.154
146,977.390
176,372.876
211,647.459
253,976.961
304,772.365
365,726.853
438,872.241
526,646.710
631,976.077
758,371.322
910,045.623
1,092,054.791
1,310,465.801
1,572,559.024
1,887,070.904
2,264,485.175
2,717,382.318
3,260,858.911
3,913,030.848
4,695,637.205
100.000
120.000
144.000
172.800
207.360
248.832
298.598
358.318
429.982
515.978
619.174
743.009
891.610
1,069.933
1,283.919
1,540.703
1,848.844
2,218.613
2,662.335
3,194.802
3,833.763
4,600.516
5,520.619
6,624.743
7,949.692
9,539.631
11,447.558
13,737.070
16,484.485
19,781.382
23,737.660
28,485.193
34,182.233
41,018.681
49,222.419
59,066.905
70,880.289
85,056.350
102,067.624
122,481.154
146,977.390
176,372.876
211,647.459
253,976.961
304,772.365
365,726.853
438,872.241
526,646.710
631,976.077
758,371.322
910,045.623
1,092,054.791
1,310,465.801
1,572,559.024
1,887,070.904
2,264,485.175
2,717,382.318
3,260,858.911
3,913,030.848
4,695,637.205
100.000
120.000
144.000
172.800
207.360
248.832
298.598
358.318
429.982
515.978
619.174
743.009
891.610
1,069.933
1,283.919
1,540.703
1,848.844
2,218.613
2,662.335
3,194.802
3,833.763
4,600.516
5,520.619
6,624.743
7,949.692
9,539.631
11,447.558
13,737.070
16,484.485
19,781.382
23,737.660
28,485.193
34,182.233
41,018.681
49,222.419
59,066.905
70,880.289
85,056.350
102,067.624
122,481.154
146,977.390
176,372.876
211,647.459
253,976.961
304,772.365
365,726.853
438,872.241
526,646.710
631,976.077
758,371.322
910,045.623
1,092,054.791
1,310,465.801
1,572,559.024
1,887,070.904
2,264,485.175
2,717,382.318
3,260,858.911
3,913,030.848
4,695,637.205
100.000
120.000
144.000
172.800
207.360
248.832
298.598
358.318
429.982
515.978
619.174
743.009
891.610
1,069.933
1,283.919
1,540.703
1,848.844
2,218.613
2,662.335
3,194.802
3,833.763
4,600.516
5,520.619
6,624.743
7,949.692
9,539.631
11,447.558
13,737.070
16,484.485
19,781.382
23,737.660
28,485.193
34,182.233
41,018.681
49,222.419
59,066.905
70,880.289
85,056.350
102,067.624
122,481.154
146,977.390
176,372.876
211,647.459
253,976.961
304,772.365
365,726.853
438,872.241
526,646.710
631,976.077
758,371.322
910,045.623
1,092,054.791
1,310,465.801
1,572,559.024
1,887,070.904
2,264,485.175
2,717,382.318
3,260,858.911
3,913,030.848
4,695,637.205
100.000
120.000
144.000
172.800
207.360
248.832
298.598
358.318
429.982
515.978
619.174
743.009
891.610
1,069.933
1,283.919
1,540.703
1,848.844
2,218.613
2,662.335
3,194.802
3,833.763
4,600.516
5,520.619
6,624.743
7,949.692
9,539.631
11,447.558
13,737.070
16,484.485
19,781.382
23,737.660
28,485.193
34,182.233
41,018.681
49,222.419
59,066.905
70,880.289
85,056.350
102,067.624
122,481.154
146,977.390
176,372.876
211,647.459
253,976.961
304,772.365
365,726.853
438,872.241
526,646.710
631,976.077
758,371.322
910,045.623
1,092,054.791
1,310,465.801
1,572,559.024
1,887,070.904
2,264,485.175
2,717,382.318
3,260,858.911
3,913,030.848
4,695,637.205
100.000
120.000
144.000
172.800
207.360
248.832
298.598
358.318
429.982
515.978
619.174
743.009
891.610
1,069.933
1,283.919
1,540.703
1,848.844
2,218.613
2,662.335
3,194.802
3,833.763
4,600.516
5,520.619
6,624.743
7,949.692
9,539.631
11,447.558
13,737.070
16,484.485
19,781.382
23,737.660
28,485.193
34,182.233
41,018.681
49,222.419
59,066.905
70,880.289
85,056.350
102,067.624
122,481.154
146,977.390
176,372.876
211,647.459
253,976.961
304,772.365
365,726.853
438,872.241
526,646.710
631,976.077
758,371.322
910,045.623
1,092,054.791
1,310,465.801
1,572,559.024
1,887,070.904
2,264,485.175
2,717,382.318
3,260,858.911
3,913,030.848
4,695,637.205
100.000
120.000
144.000
172.800
207.360
248.832
298.598
358.318
429.982
515.978
619.174
743.009
891.610
1,069.933
1,283.919
1,540.703
1,848.844
2,218.613
2,662.335
3,194.802
3,833.763
4,600.516
5,520.619
6,624.743
7,949.692
9,539.631
11,447.558
13,737.070
16,484.485
19,781.382
23,737.660
28,485.193
34,182.233
41,018.681
49,222.419
59,066.905
70,880.289
85,056.350
102,067.624
122,481.154
146,977.390
176,372.876
211,647.459
253,976.961
304,772.365
365,726.853
438,872.241
526,646.710
631,976.077
758,371.322
910,045.623
1,092,054.791
1,310,465.801
1,572,559.024
1,887,070.904
2,264,485.175
2,717,382.318
3,260,858.911
3,913,030.848
4,695,637.205
100.000
120.000
144.000
172.800
207.360
248.832
298.598
358.318
429.982
515.978
619.174
743.009
891.610
1,069.933
1,283.919
1,540.703
1,848.844
2,218.613
2,662.335
3,194.802
3,833.763
4,600.516
5,520.619
6,624.743
7,949.692
9,539.631
11,447.558
13,737.070
16,484.485
19,781.382
23,737.660
28,485.193
34,182.233
41,018.681
49,222.419
59,066.905
70,880.289
85,056.350
102,067.624
122,481.154
146,977.390
176,372.876
211,647.459
253,976.961
304,772.365
365,726.853
438,872.241
526,646.710
631,976.077
758,371.322
910,045.623
1,092,054.791
1,310,465.801
1,572,559.024
1,887,070.904
2,264,485.175
2,717,382.318
3,260,858.911
3,913,030.848
4,695,637.205
100.000
120.000
144.000
172.800
207.360
248.832
298.598
358.318
429.982
515.978
619.174
743.009
891.610
1,069.933
1,283.919
1,540.703
1,848.844
2,218.613
2,662.335
3,194.802
3,833.763
4,600.516
5,520.619
6,624.743
7,949.692
9,539.631
11,447.558
13,737.070
16,484.485
19,781.382
23,737.660
28,485.193
34,182.233
41,018.681
49,222.419
59,066.905
70,880.289
85,056.350
102,067.624
122,481.154
146,977.390
176,372.876
211,647.459
253,976.961
304,772.365
365,726.853
438,872.241
526,646.710
631,976.077
758,371.322
910,045.623
1,092,054.791
1,310,465.801
1,572,559.024
1,887,070.904
2,264,485.175
2,717,382.318
3,260,858.911
3,913,030.848
4,695,637.205
100.000
120.000
144.000
172.800
207.360
248.832
298.598
358.318
429.982
515.978
619.174
743.009
891.610
1,069.933
1,283.919
1,540.703
1,848.844
2,218.613
2,662.335
3,194.802
3,833.763
4,600.516
5,520.619
6,624.743
7,949.692
9,539.631
11,447.558
13,737.070
16,484.485
19,781.382
23,737.660
28,485.193
34,182.233
41,018.681
49,222.419
59,066.905
70,880.289
85,056.350
102,067.624
122,481.154
146,977.390
176,372.876
211,647.459
253,976.961
304,772.365
365,726.853
438,872.241
526,646.710
631,976.077
758,371.322
910,045.623
1,092,054.791
1,310,465.801
1,572,559.024
1,887,070.904
2,264,485.175
2,717,382.318
3,260,858.911
3,913,030.848
4,695,637.205
100.000
120.000
144.000
172.800
207.360
248.832
298.598
358.318
429.982
515.978
619.174
743.009
891.610
1,069.933
1,283.919
1,540.703
1,848.844
2,218.613
2,662.335
3,194.802
3,833.763
4,600.516
5,520.619
6,624.743
7,949.692
9,539.631
11,447.558
13,737.070
16,484.485
19,781.382
23,737.660
28,485.193
34,182.233
41,018.681
49,222.419
59,066.905
70,880.289
85,056.350
102,067.624
122,481.154
146,977.390
176,372.876
211,647.459
253,976.961
304,772.365
365,726.853
438,872.241
526,646.710
631,976.077
758,371.322
910,045.623
1,092,054.791
1,310,465.801
1,572,559.024
1,887,070.904
2,264,485.175
2,717,382.318
3,260,858.911
3,913,030.848
4,695,637.205
100.000
120.000
144.000
172.800
207.360
248.832
298.598
358.318
429.982
515.978
619.174
743.009
891.610
1,069.933
1,283.919
1,540.703
1,848.844
2,218.613
2,662.335
3,194.802
3,833.763
4,600.516
5,520.619
6,624.743
7,949.692
9,539.631
11,447.558
13,737.070
16,484.485
19,781.382
23,737.660
28,485.193
34,182.233
41,018.681
49,222.419
59,066.905
70,880.289
85,056.350
102,067.624
122,481.154
146,977.390
176,372.876
211,647.459
253,976.961
304,772.365
365,726.853
438,872.241
526,646.710
631,976.077
758,371.322
910,045.623
1,092,054.791
1,310,465.801
1,572,559.024
1,887,070.904
2,264,485.175
2,717,382.318
3,260,858.911
3,913,030.848
4,695,637.205
100.000
120.000
144.000
172.800
207.360
248.832
298.598
358.318
429.982
515.978
619.174
743.009
891.610
1,069.933
1,283.919
1,540.703
1,848.844
2,218.613
2,662.335
3,194.802
3,833.763
4,600.516
5,520.619
6,624.743
7,949.692
9,539.631
11,447.558
13,737.070
16,484.485
19,781.382
23,737.660
28,485.193
34,182.233
41,018.681
49,222.419
59,066.905
70,880.289
85,056.350
102,067.624
122,481.154
146,977.390
176,372.876
211,647.459
253,976.961
304,772.365
365,726.853
438,872.241
526,646.710
631,976.077
758,371.322
910,045.623
1,092,054.791
1,310,465.801
1,572,559.024
1,887,070.904
2,264,485.175
2,717,382.318
3,260,858.911
3,913,030.848
4,695,637.205
100.000
120.000
144.000
172.800
207.360
248.832
298.598
358.318
429.982
515.978
619.174
743.009
891.610
1,069.933
1,283.919
1,540.703
1,848.844
2,218.613
2,662.335
3,194.802
3,833.763
4,600.516
5,520.619
6,624.743
7,949.692
9,539.631
11,447.558
13,737.070
16,484.485
19,781.382
23,737.660
28,485.193
34,182.233
41,018.681
49,222.419
59,066.905
70,880.289
85,056.350
102,067.624
122,481.154
146,977.390
176,372.876
211,647.459
253,976.961
304,772.365
365,726.853
438,872.241
526,646.710
631,976.077
758,371.322
910,045.623
1,092,054.791
1,310,465.801
1,572,559.024
1,887,070.904
2,264,485.175
2,717,382.318
3,260,858.911
3,913,030.848
4,695,637.205
100.000
120.000
144.000
172.800
207.360
248.832
298.598
358.318
429.982
515.978
619.174
743.009
891.610
1,069.933
1,283.919
1,540.703
1,848.844
2,218.613
2,662.335
3,194.802
3,833.763
4,600.516
5,520.619
6,624.743
7,949.692
9,539.631
11,447.558
13,737.070
16,484.485
19,781.382
23,737.660
28,485.193
34,182.233
41,018.681
49,222.419
59,066.905
70,880.289
85,056.350
102,067.624
122,481.154
146,977.390
176,372.876
211,647.459
253,976.961
304,772.365
365,726.853
438,872.241
526,646.710
631,976.077
758,371.322
910,045.623
1,092,054.791
1,310,465.801
1,572,559.024
1,887,070.904
2,264,485.175
2,717,382.318
3,260,858.911
3,913,030.848
4,695,637.205
100.000
120.000
144.000
172.800
207.360
248.832
298.598
358.318
429.982
515.978
619.174
743.009
891.610
1,069.933
1,283.919
1,540.703
1,848.844
2,218.613
2,662.335
3,194.802
3,833.763
4,600.516
5,520.619
6,624.743
7,949.692
9,539.631
11,447.558
13,737.070
16,484.485
19,781.382
23,737.660
28,485.193
34,182.233
41,018.681
49,222.419
59,066.905
70,880.289
85,056.350
102,067.624
122,481.154
146,977.390
176,372.876
211,647.459
253,976.961
304,772.365
365,726.853
438,872.241
526,646.710
631,976.077
758,371.322
910,045.623
1,092,054.791
1,310,465.801
1,572,559.024
1,887,070.904
2,264,485.175
2,717,382.318
3,260,858.911
3,913,030.848
4,695,637.205
100.000
120.000
144.000
172.800
207.360
248.832
298.598
358.318
429.982
515.978
619.174
743.009
891.610
1,069.933
1,283.919
1,540.703
1,848.844
2,218.613
2,662.335
3,194.802
3,833.763
4,600.516
5,520.619
6,624.743
7,949.692
9,539.631
11,447.558
13,737.070
16,484.485
19,781.382
23,737.660
28,485.193
34,182.233
41,018.681
49,222.419
59,066.905
70,880.289
85,056.350
102,067.624
122,481.154
146,977.390
176,372.876
211,647.459
253,976.961
304,772.365
365,726.853
438,872.241
526,646.710
631,976.077
758,371.322
910,045.623
1,092,054.791
1,310,465.801
1,572,559.024
1,887,070.904
2,264,485.175
2,717,382.318
3,260,858.911
3,913,030.848
4,695,637.205
100.000
120.000
144.000
172.800
207.360
248.832
298.598
358.318
429.982
515.978
619.174
743.009
891.610
1,069.933
1,283.919
1,540.703
1,848.844
2,218.613
2,662.335
3,194.802
3,833.763
4,600.516
5,520.619
6,624.743
7,949.692
9,539.631
11,447.558
13,737.070
16,484.485
19,781.382
23,737.660
28,485.193
34,182.233
41,018.681
49,222.419
59,066.905
70,880.289
85,056.350
102,067.624
122,481.154
146,977.390
176,372.876
211,647.459
253,976.961
304,772.365
365,726.853
438,872.241
526,646.710
631,976.077
758,371.322
910,045.623
1,092,054.791
1,310,465.801
1,572,559.024
1,887,070.904
2,264,485.175
2,717,382.318
3,260,858.911
3,913,030.848
4,695,637.205
100.000
120.000
144.000
172.800
207.360
248.832
298.598
358.318
429.982
515.978
619.174
743.009
891.610
1,069.933
1,283.919
1,540.703
1,848.844
2,218.613
2,662.335
3,194.802
3,833.763
4,600.516
5,520.619
6,624.743
7,949.692
9,539.631
11,447.558
13,737.070
16,484.485
19,781.382
23,737.660
28,485.193
34,182.233
41,018.681
49,222.419
59,066.905
70,880.289
85,056.350
102,067.624
122,481.154
146,977.390
176,372.876
211,647.459
253,976.961
304,772.365
365,726.853
438,872.241
526,646.710
631,976.077
758,371.322
910,045.623
1,092,054.791
1,310,465.801
1,572,559.024
1,887,070.904
2,264,485.175
2,717,382.318
3,260,858.911
3,913,030.848
4,695,637.205
100.000
120.000
144.000
172.800
207.360
248.832
298.598
358.318
429.982
515.978
619.174
743.009
891.610
1,069.933
1,283.919
1,540.703
1,848.844
2,218.613
2,662.335
3,194.802
3,833.763
4,600.516
5,520.619
6,624.743
7,949.692
9,539.631
11,447.558
13,737.070
16,484.485
19,781.382
23,737.660
28,485.193
34,182.233
41,018.681
49,222.419
59,066.905
70,880.289
85,056.350
102,067.624
122,481.154
146,977.390
176,372.876
211,647.459
253,976.961
304,772.365
365,726.853
438,872.241
526,646.710
631,976.077
758,371.322
910,045.623
1,092,054.791
1,310,465.801
1,572,559.024
1,887,070.904
2,264,485.175
2,717,382.318
3,260,858.911
3,913,030.848
4,695,637.205
100.000
120.000
144.000
172.800
207.360
248.832
298.598
358.318
429.982
515.978
619.174
743.009
891.610
1,069.933
1,283.919
1,540.703
1,848.844
2,218.613
2,662.335
3,194.802
3,833.763
4,600.516
5,520.619
6,624.743
7,949.692
9,539.631
11,447.558
13,737.070
16,484.485
19,781.382
23,737.660
28,485.193
34,182.233
41,018.681
49,222.419
59,066.905
70,880.289
85,056.350
102,067.624
122,481.154
146,977.390
176,372.876
211,647.459
253,976.961
304,772.365
365,726.853
438,872.241
526,646.710
631,976.077
758,371.322
910,045.623
1,092,054.791
1,310,465.801
1,572,559.024
1,887,070.904
2,264,485.175
2,717,382.318
3,260,858.911
3,913,030.848
4,695,637.205
100.000
120.000
144.000
172.800
207.360
248.832
298.598
358.318
429.982
515.978
619.174
743.009
891.610
1,069.933
1,283.919
1,540.703
1,848.844
2,218.613
2,662.335
3,194.802
3,833.763
4,600.516
5,520.619
6,624.743
7,949.692
9,539.631
11,447.558
13,737.070
16,484.485
19,781.382
23,737.660
28,485.193
34,182.233
41,018.681
49,222.419
59,066.905
70,880.289
85,056.350
102,067.624
122,481.154
146,977.390
176,372.876
211,647.459
253,976.961
304,772.365
365,726.853
438,872.241
526,646.710
631,976.077
758,371.322
910,045.623
1,092,054.791
1,310,465.801
1,572,559.024
1,887,070.904
2,264,485.175
2,717,382.318
3,260,858.911
3,913,030.848
4,695,637.205
100.000
120.000
144.000
172.800
207.360
248.832
298.598
358.318
429.982
515.978
619.174
743.009
891.610
1,069.933
1,283.919
1,540.703
1,848.844
2,218.613
2,662.335
3,194.802
3,833.763
4,600.516
5,520.619
6,624.743
7,949.692
9,539.631
11,447.558
13,737.070
16,484.485
19,781.382
23,737.660
28,485.193
34,182.233
41,018.681
49,222.419
59,066.905
70,880.289
85,056.350
102,067.624
122,481.154
146,977.390
176,372.876
211,647.459
253,976.961
304,772.365
365,726.853
438,872.241
526,646.710
631,976.077
758,371.322
910,045.623
1,092,054.791
1,310,465.801
1,572,559.024
1,887,070.904
2,264,485.175
2,717,382.318
3,260,858.911
3,913,030.848
4,695,637.205
100.000
120.000
144.000
172.800
207.360
248.832
298.598
358.318
429.982
515.978
619.174
743.009
891.610
1,069.933
1,283.919
1,540.703
1,848.844
2,218.613
2,662.335
3,194.802
3,833.763
4,600.516
5,520.619
6,624.743
7,949.692
9,539.631
11,447.558
13,737.070
16,484.485
19,781.382
23,737.660
28,485.193
34,182.233
41,018.681
49,222.419
59,066.905
70,880.289
85,056.350
102,067.624
122,481.154
146,977.390
176,372.876
211,647.459
253,976.961
304,772.365
365,726.853
438,872.241
526,646.710
631,976.077
758,371.322
910,045.623
1,092,054.791
1,310,465.801
1,572,559.024
1,887,070.904
2,264,485.175
2,717,382.318
3,260,858.911
3,913,030.848
4,695,637.205
100.000
120.000
144.000
172.800
207.360
248.832
298.598
358.318
429.982
515.978
619.174
743.009
891.610
1,069.933
1,283.919
1,540.703
1,848.844
2,218.613
2,662.335
3,194.802
3,833.763
4,600.516
5,520.619
6,624.743
7,949.692
9,539.631
11,447.558
13,737.070
16,484.485
19,781.382
23,737.660
28,485.193
34,182.233
41,018.681
49,222.419
59,066.905
70,880.289
85,056.350
102,067.624
122,481.154
146,977.390
176,372.876
211,647.459
253,976.961
304,772.365
365,726.853
438,872.241
526,646.710
631,976.077
758,371.322
910,045.623
1,092,054.791
1,310,465.801
1,572,559.024
1,887,070.904
2,264,485.175
2,717,382.318
3,260,858.911
3,913,030.848
4,695,637.205
100.000
120.000
144.000
172.800
207.360
248.832
298.598
358.318
429.982
515.978
619.174
743.009
891.610
1,069.933
1,283.919
1,540.703
1,848.844
2,218.613
2,662.335
3,194.802
3,833.763
4,600.516
5,520.619
6,624.743
7,949.692
9,539.631
11,447.558
13,737.070
16,484.485
19,781.382
23,737.660
28,485.193
34,182.233
41,018.681
49,222.419
59,066.905
70,880.289
85,056.350
102,067.624
122,481.154
146,977.390
176,372.876
211,647.459
253,976.961
304,772.365
365,726.853
438,872.241
526,646.710
631,976.077
758,371.322
910,045.623
1,092,054.791
1,310,465.801
1,572,559.024
1,887,070.904
2,264,485.175
2,717,382.318
3,260,858.911
3,913,030.848
4,695,637.205
100.000
120.000
144.000
172.800
207.360
248.832
298.598
358.318
429.982
515.978
619.174
743.009
891.610
1,069.933
1,283.919
1,540.703
1,848.844
2,218.613
2,662.335
3,194.802
3,833.763
4,600.516
5,520.619
6,624.743
7,949.692
9,539.631
11,447.558
13,737.070
16,484.485
19,781.382
23,737.660
28,485.193
34,182.233
41,018.681
49,222.419
59,066.905
70,880.289
85,056.350
102,067.624
122,481.154
146,977.390
176,372.876
211,647.459
253,976.961
304,772.365
365,726.853
438,872.241
526,646.710
631,976.077
758,371.322
910,045.623
1,092,054.791
1,310,465.801
1,572,559.024
1,887,070.904
2,264,485.175
2,717,382.318
3,260,858.911
3,913,030.848
4,695,637.205
100.000
120.000
144.000
172.800
207.360
248.832
298.598
358.318
429.982
515.978
619.174
743.009
891.610
1,069.933
1,283.919
1,540.703
1,848.844
2,218.613
2,662.335
3,194.802
3,833.763
4,600.516
5,520.619
6,624.743
7,949.692
9,539.631
11,447.558
13,737.070
16,484.485
19,781.382
23,737.660
28,485.193
34,182.233
41,018.681
49,222.419
59,066.905
70,880.289
85,056.350
102,067.624
122,481.154
146,977.390
176,372.876
211,647.459
253,976.961
304,772.365
365,726.853
438,872.241
526,646.710
631,976.077
758,371.322
910,045.623
1,092,054.791
1,310,465.801
1,572,559.024
1,887,070.904
2,264,485.175
2,717,382.318
3,260,858.911
3,913,030.848
4,695,637.205
100.000
120.000
144.000
172.800
207.360
248.832
298.598
358.318
429.982
515.978
619.174
743.009
891.610
1,069.933
1,283.919
1,540.703
1,848.844
2,218.613
2,662.335
3,194.802
3,833.763
4,600.516
5,520.619
6,624.743
7,949.692
9,539.631
11,447.558
13,737.070
16,484.485
19,781.382
23,737.660
28,485.193
34,182.233
41,018.681
49,222.419
59,066.905
70,880.289
85,056.350
102,067.624
122,481.154
146,977.390
176,372.876
211,647.459
253,976.961
304,772.365
365,726.853
438,872.241
526,646.710
631,976.077
758,371.322
910,045.623
1,092,054.791
1,310,465.801
1,572,559.024
1,887,070.904
2,264,485.175
2,717,382.318
3,260,858.911
3,913,030.848
4,695,637.205
100.000
120.000
144.000
172.800
207.360
248.832
298.598
358.318
429.982
515.978
619.174
743.009
891.610
1,069.933
1,283.919
1,540.703
1,848.844
2,218.613
2,662.335
3,194.802
3,833.763
4,600.516
5,520.619
6,624.743
7,949.692
9,539.631
11,447.558
13,737.070
16,484.485
19,781.382
23,737.660
28,485.193
34,182.233
41,018.681
49,222.419
59,066.905
70,880.289
85,056.350
102,067.624
122,481.154
146,977.390
176,372.876
211,647.459
253,976.961
304,772.365
365,726.853
438,872.241
526,646.710
631,976.077
758,371.322
910,045.623
1,092,054.791
1,310,465.801
1,572,559.024
1,887,070.904
2,264,485.175
2,717,382.318
3,260,858.911
3,913,030.848
4,695,637.205
100.000
120.000
144.000
172.800
207.360
248.832
298.598
358.318
429.982
515.978
619.174
743.009
891.610
1,069.933
1,283.919
1,540.703
1,848.844
2,218.613
2,662.335
3,194.802
3,833.763
4,600.516
5,520.619
6,624.743
7,949.692
9,539.631
11,447.558
13,737.070
16,484.485
19,781.382
23,737.660
28,485.193
34,182.233
41,018.681
49,222.419
59,066.905
70,880.289
85,056.350
102,067.624
122,481.154
146,977.390
176,372.876
211,647.459
253,976.961
304,772.365
365,726.853
438,872.241
526,646.710
631,976.077
758,371.322
910,045.623
1,092,054.791
1,310,465.801
1,572,559.024
1,887,070.904
2,264,485.175
2,717,382.318
3,260,858.911
3,913,030.848
4,695,637.205
100.000
120.000
144.000
172.800
207.360
248.832
298.598
358.318
429.982
515.978
619.174
743.009
891.610
1,069.933
1,283.919
1,540.703
1,848.844
2,218.613
2,662.335
3,194.802
3,833.763
4,600.516
5,520.619
6,624.743
7,949.692
9,539.631
11,447.558
13,737.070
16,484.485
19,781.382
23,737.660
28,485.193
34,182.233
41,018.681
49,222.419
59,066.905
70,880.289
85,056.350
102,067.624
122,481.154
146,977.390
176,372.876
211,647.459
253,976.961
304,772.365
365,726.853
438,872.241
526,646.710
631,976.077
758,371.322
910,045.623
1,092,054.791
1,310,465.801
1,572,559.024
1,887,070.904
2,264,485.175
2,717,382.318
3,260,858.911
3,913,030.848
4,695,637.205
100.000
120.000
144.000
172.800
207.360
248.832
298.598
358.318
429.982
515.978
619.174
743.009
891.610
1,069.933
1,283.919
1,540.703
1,848.844
2,218.613
2,662.335
3,194.802
3,833.763
4,600.516
5,520.619
6,624.743
7,949.692
9,539.631
11,447.558
13,737.070
16,484.485
19,781.382
23,737.660
28,485.193
34,182.233
41,018.681
49,222.419
59,066.905
70,880.289
85,056.350
102,067.624
122,481.154
146,977.390
176,372.876
211,647.459
253,976.961
304,772.365
365,726.853
438,872.241
526,646.710
631,976.077
758,371.322
910,045.623
1,092,054.791
1,310,465.801
1,572,559.024
1,887,070.904
2,264,485.175
2,717,382.318
3,260,858.911
3,913,030.848
4,695,637.205
100.000
120.000
144.000
172.800
207.360
248.832
298.598
358.318
429.982
515.978
619.174
743.009
891.610
1,069.933
1,283.919
1,540.703
1,848.844
2,218.613
2,662.335
3,194.802
3,833.763
4,600.516
5,520.619
6,624.743
7,949.692
9,539.631
11,447.558
13,737.070
16,484.485
19,781.382
23,737.660
28,485.193
34,182.233
41,018.681
49,222.419
59,066.905
70,880.289
85,056.350
102,067.624
122,481.154
146,977.390
176,372.876
211,647.459
253,976.961
304,772.365
365,726.853
438,872.241
526,646.710
631,976.077
758,371.322
910,045.623
1,092,054.791
1,310,465.801
1,572,559.024
1,887,070.904
2,264,485.175
2,717,382.318
3,260,858.911
3,913,030.848
4,695,637.205
100.000
120.000
144.000
172.800
207.360
248.832
298.598
358.318
429.982
515.978
619.174
743.009
891.610
1,069.933
1,283.919
1,540.703
1,848.844
2,218.613
2,662.335
3,194.802
3,833.763
4,600.516
5,520.619
6,624.743
7,949.692
9,539.631
11,447.558
13,737.070
16,484.485
19,781.382
23,737.660
28,485.193
34,182.233
41,018.681
49,222.419
59,066.905
70,880.289
85,056.350
102,067.624
122,481.154
146,977.390
176,372.876
211,647.459
253,976.961
304,772.365
365,726.853
438,872.241
526,646.710
631,976.077
758,371.322
910,045.623
1,092,054.791
1,310,465.801
1,572,559.024
1,887,070.904
2,264,485.175
2,717,382.318
3,260,858.911
3,913,030.848
4,695,637.205
100.000
120.000
144.000
172.800
207.360
248.832
298.598
358.318
429.982
515.978
619.174
743.009
891.610
1,069.933
1,283.919
1,540.703
1,848.844
2,218.613
2,662.335
3,194.802
3,833.763
4,600.516
5,520.619
6,624.743
7,949.692
9,539.631
11,447.558
13,737.070
16,484.485
19,781.382
23,737.660
28,485.193
34,182.233
41,018.681
49,222.419
59,066.905
70,880.289
85,056.350
102,067.624
122,481.154
146,977.390
176,372.876
211,647.459
253,976.961
304,772.365
365,726.853
438,872.241
526,646.710
631,976.077
758,371.322
910,045.623
1,092,054.791
1,310,465.801
1,572,559.024
1,887,070.904
2,264,485.175
2,717,382.318
3,260,858.911
3,913,030.848
4,695,637.205
100.000
120.000
144.000
172.800
207.360
248.832
298.598
358.318
429.982
515.978
619.174
743.009
891.610
1,069.933
1,283.919
1,540.703
1,848.844
2,218.613
2,662.335
3,194.802
3,833.763
4,600.516
5,520.619
6,624.743
7,949.692
9,539.631
11,447.558
13,737.070
16,484.485
19,781.382
23,737.660
28,485.193
34,182.233
41,018.681
49,222.419
59,066.905
70,880.289
85,056.350
102,067.624
122,481.154
146,977.390
176,372.876
211,647.459
253,976.961
304,772.365
365,726.853
438,872.241
526,646.710
631,976.077
758,371.322
910,045.623
1,092,054.791
1,310,465.801
1,572,559.024
1,887,070.904
2,264,485.175
2,717,382.318
3,260,858.911
3,913,030.848
4,695,637.205
100.000
120.000
144.000
172.800
207.360
248.832
298.598
358.318
429.982
515.978
619.174
743.009
891.610
1,069.933
1,283.919
1,540.703
1,848.844
2,218.613
2,662.335
3,194.802
3,833.763
4,600.516
5,520.619
6,624.743
7,949.692
9,539.631
11,447.558
13,737.070
16,484.485
19,781.382
23,737.660
28,485.193
34,182.233
41,018.681
49,222.419
59,066.905
70,880.289
85,056.350
102,067.624
122,481.154
146,977.390
176,372.876
211,647.459
253,976.961
304,772.365
365,726.853
438,872.241
526,646.710
631,976.077
758,371.322
910,045.623
1,092,054.791
1,310,465.801
1,572,559.024
1,887,070.904
2,264,485.175
2,717,382.318
3,260,858.911
3,913,030.848
4,695,637.205
100.000
120.000
144.000
172.800
207.360
248.832
298.598
358.318
429.982
515.978
619.174
743.009
891.610
1,069.933
1,283.919
1,540.703
1,848.844
2,218.613
2,662.335
3,194.802
3,833.763
4,600.516
5,520.619
6,624.743
7,949.692
9,539.631
11,447.558
13,737.070
16,484.485
19,781.382
23,737.660
28,485.193
34,182.233
41,018.681
49,222.419
59,066.905
70,880.289
85,056.350
102,067.624
122,481.154
146,977.390
176,372.876
211,647.459
253,976.961
304,772.365
365,726.853
438,872.241
526,646.710
631,976.077
758,371.322
910,045.623
1,092,054.791
1,310,465.801
1,572,559.024
1,887,070.904
2,264,485.175
2,717,382.318
3,260,858.911
3,913,030.848
4,695,637.205
100.000
120.000
144.000
172.800
207.360
248.832
298.598
358.318
429.982
515.978
619.174
743.009
891.610
1,069.933
1,283.919
1,540.703
1,848.844
2,218.613
2,662.335
3,194.802
3,833.763
4,600.516
5,520.619
6,624.743
7,949.692
9,539.631
11,447.558
13,737.070
16,484.485
19,781.382
23,737.660
28,485.193
34,182.233
41,018.681
49,222.419
59,066.905
70,880.289
85,056.350
102,067.624
122,481.154
146,977.390
176,372.876
211,647.459
253,976.961
304,772.365
365,726.853
438,872.241
526,646.710
631,976.077
758,371.322
910,045.623
1,092,054.791
1,310,465.801
1,572,559.024
1,887,070.904
2,264,485.175
2,717,382.318
3,260,858.911
3,913,030.848
4,695,637.205
100.000
120.000
144.000
172.800
207.360
248.832
298.598
358.318
429.982
515.978
619.174
743.009
891.610
1,069.933
1,283.919
1,540.703
1,848.844
2,218.613
2,662.335
3,194.802
3,833.763
4,600.516
5,520.619
6,624.743
7,949.692
9,539.631
11,447.558
13,737.070
16,484.485
19,781.382
23,737.660
28,485.193
34,182.233
41,018.681
49,222.419
59,066.905
70,880.289
85,056.350
102,067.624
122,481.154
146,977.390
176,372.876
211,647.459
253,976.961
304,772.365
365,726.853
438,872.241
526,646.710
631,976.077
758,371.322
910,045.623
1,092,054.791
1,310,465.801
1,572,559.024
1,887,070.904
2,264,485.175
2,717,382.318
3,260,858.911
3,913,030.848
4,695,637.205
100.000
120.000
144.000
172.800
207.360
248.832
298.598
358.318
429.982
515.978
619.174
743.009
891.610
1,069.933
1,283.919
1,540.703
1,848.844
2,218.613
2,662.335
3,194.802
3,833.763
4,600.516
5,520.619
6,624.743
7,949.692
9,539.631
11,447.558
13,737.070
16,484.485
19,781.382
23,737.660
28,485.193
34,182.233
41,018.681
49,222.419
59,066.905
70,880.289
85,056.350
102,067.624
122,481.154
146,977.390
176,372.876
211,647.459
253,976.961
304,772.365
365,726.853
438,872.241
526,646.710
631,976.077
758,371.322
910,045.623
1,092,054.791
1,310,465.801
1,572,559.024
1,887,070.904
2,264,485.175
2,717,382.318
3,260,858.911
3,913,030.848
4,695,637.205
100.000
120.000
144.000
172.800
207.360
248.832
298.598
358.318
429.982
515.978
619.174
743.009
891.610
1,069.933
1,283.919
1,540.703
1,848.844
2,218.613
2,662.335
3,194.802
3,833.763
4,600.516
5,520.619
6,624.743
7,949.692
9,539.631
11,447.558
13,737.070
16,484.485
19,781.382
23,737.660
28,485.193
34,182.233
41,018.681
49,222.419
59,066.905
70,880.289
85,056.350
102,067.624
122,481.154
146,977.390
176,372.876
211,647.459
253,976.961
304,772.365
365,726.853
438,872.241
526,646.710
631,976.077
758,371.322
910,045.623
1,092,054.791
1,310,465.801
1,572,559.024
1,887,070.904
2,264,485.175
2,717,382.318
3,260,858.911
3,913,030.848
4,695,637.205
100.000
120.000
144.000
172.800
207.360
248.832
298.598
358.318
429.982
515.978
619.174
743.009
891.610
1,069.933
1,283.919
1,540.703
1,848.844
2,218.613
2,662.335
3,194.802
3,833.763
4,600.516
5,520.619
6,624.743
7,949.692
9,539.631
11,447.558
13,737.070
16,484.485
19,781.382
23,737.660
28,485.193
34,182.233
41,018.681
49,222.419
59,066.905
70,880.289
85,056.350
102,067.624
122,481.154
146,977.390
176,372.876
211,647.459
253,976.961
304,772.365
365,726.853
438,872.241
526,646.710
631,976.077
758,371.322
910,045.623
1,092,054.791
1,310,465.801
1,572,559.024
1,887,070.904
2,264,485.175
2,717,382.318
3,260,858.911
3,913,030.848
4,695,637.205
100.000
120.000
144.000
172.800
207.360
248.832
298.598
358.318
429.982
515.978
619.174
743.009
891.610
1,069.933
1,283.919
1,540.703
1,848.844
2,218.613
2,662.335
3,194.802
3,833.763
4,600.516
5,520.619
6,624.743
7,949.692
9,539.631
11,447.558
13,737.070
16,484.485
19,781.382
23,737.660
28,485.193
34,182.233
41,018.681
49,222.419
59,066.905
70,880.289
85,056.350
102,067.624
122,481.154
146,977.390
176,372.876
211,647.459
253,976.961
304,772.365
365,726.853
438,872.241
526,646.710
631,976.077
758,371.322
910,045.623
1,092,054.791
1,310,465.801
1,572,559.024
1,887,070.904
2,264,485.175
2,717,382.318
3,260,858.911
3,913,030.848
4,695,637.205
100.000
120.000
144.000
172.800
207.360
248.832
298.598
358.318
429.982
515.978
619.174
743.009
891.610
1,069.933
1,283.919
1,540.703
1,848.844
2,218.613
2,662.335
3,194.802
3,833.763
4,600.516
5,520.619
6,624.743
7,949.692
9,539.631
11,447.558
13,737.070
16,484.485
19,781.382
23,737.660
28,485.193
34,182.233
41,018.681
49,222.419
59,066.905
70,880.289
85,056.350
102,067.624
122,481.154
146,977.390
176,372.876
211,647.459
253,976.961
304,772.365
365,726.853
438,872.241
526,646.710
631,976.077
758,371.322
910,045.623
1,092,054.791
1,310,465.801
1,572,559.024
1,887,070.904
2,264,485.175
2,717,382.318
3,260,858.911
3,913,030.848
4,695,637.205
100.000
120.000
144.000
172.800
207.360
248.832
298.598
358.318
429.982
515.978
619.174
743.009
891.610
1,069.933
1,283.919
1,540.703
1,848.844
2,218.613
2,662.335
3,194.802
3,833.763
4,600.516
5,520.619
6,624.743
7,949.692
9,539.631
11,447.558
13,737.070
16,484.485
19,781.382
23,737.660
28,485.193
34,182.233
41,018.681
49,222.419
59,066.905
70,880.289
85,056.350
102,067.624
122,481.154
146,977.390
176,372.876
211,647.459
253,976.961
304,772.365
365,726.853
438,872.241
526,646.710
631,976.077
758,371.322
910,045.623
1,092,054.791
1,310,465.801
1,572,559.024
1,887,070.904
2,264,485.175
2,717,382.318
3,260,858.911
3,913,030.848
4,695,637.205
100.000
120.000
144.000
172.800
207.360
248.832
298.598
358.318
429.982
515.978
619.174
743.009
891.610
1,069.933
1,283.919
1,540.703
1,848.844
2,218.613
2,662.335
3,194.802
3,833.763
4,600.516
5,520.619
6,624.743
7,949.692
9,539.631
11,447.558
13,737.070
16,484.485
19,781.382
23,737.660
28,485.193
34,182.233
41,018.681
49,222.419
59,066.905
70,880.289
85,056.350
102,067.624
122,481.154
146,977.390
176,372.876
211,647.459
253,976.961
304,772.365
365,726.853
438,872.241
526,646.710
631,976.077
758,371.322
910,045.623
1,092,054.791
1,310,465.801
1,572,559.024
1,887,070.904
2,264,485.175
2,717,382.318
3,260,858.911
3,913,030.848
4,695,637.205
100.000
120.000
144.000
172.800
207.360
248.832
298.598
358.318
429.982
515.978
619.174
743.009
891.610
1,069.933
1,283.919
1,540.703
1,848.844
2,218.613
2,662.335
3,194.802
3,833.763
4,600.516
5,520.619
6,624.743
7,949.692
9,539.631
11,447.558
13,737.070
16,484.485
19,781.382
23,737.660
28,485.193
34,182.233
41,018.681
49,222.419
59,066.905
70,880.289
85,056.350
102,067.624
122,481.154
146,977.390
176,372.876
211,647.459
253,976.961
304,772.365
365,726.853
438,872.241
526,646.710
631,976.077
758,371.322
910,045.623
1,092,054.791
1,310,465.801
1,572,559.024
1,887,070.904
2,264,485.175
2,717,382.318
3,260,858.911
3,913,030.848
4,695,637.205
100.000
120.000
144.000
172.800
207.360
248.832
298.598
358.318
429.982
515.978
619.174
743.009
891.610
1,069.933
1,283.919
1,540.703
1,848.844
2,218.613
2,662.335
3,194.802
3,833.763
4,600.516
5,520.619
6,624.743
7,949.692
9,539.631
11,447.558
13,737.070
16,484.485
19,781.382
23,737.660
28,485.193
34,182.233
41,018.681
49,222.419
59,066.905
70,880.289
85,056.350
102,067.624
122,481.154
146,977.390
176,372.876
211,647.459
253,976.961
304,772.365
365,726.853
438,872.241
526,646.710
631,976.077
758,371.322
910,045.623
1,092,054.791
1,310,465.801
1,572,559.024
1,887,070.904
2,264,485.175
2,717,382.318
3,260,858.911
3,913,030.848
4,695,637.205
100.000
120.000
144.000
172.800
207.360
248.832
298.598
358.318
429.982
515.978
619.174
743.009
891.610
1,069.933
1,283.919
1,540.703
1,848.844
2,218.613
2,662.335
3,194.802
3,833.763
4,600.516
5,520.619
6,624.743
7,949.692
9,539.631
11,447.558
13,737.070
16,484.485
19,781.382
23,737.660
28,485.193
34,182.233
41,018.681
49,222.419
59,066.905
70,880.289
85,056.350
102,067.624
122,481.154
146,977.390
176,372.876
211,647.459
253,976.961
304,772.365
365,726.853
438,872.241
526,646.710
631,976.077
758,371.322
910,045.623
1,092,054.791
1,310,465.801
1,572,559.024
1,887,070.904
2,264,485.175
2,717,382.318
3,260,858.911
3,913,030.848
4,695,637.205
100.000
120.000
144.000
172.800
207.360
248.832
298.598
358.318
429.982
515.978
619.174
743.009
891.610
1,069.933
1,283.919
1,540.703
1,848.844
2,218.613
2,662.335
3,194.802
3,833.763
4,600.516
5,520.619
6,624.743
7,949.692
9,539.631
11,447.558
13,737.070
16,484.485
19,781.382
23,737.660
28,485.193
34,182.233
41,018.681
49,222.419
59,066.905
70,880.289
85,056.350
102,067.624
122,481.154
146,977.390
176,372.876
211,647.459
253,976.961
304,772.365
365,726.853
438,872.241
526,646.710
631,976.077
758,371.322
910,045.623
1,092,054.791
1,310,465.801
1,572,559.024
1,887,070.904
2,264,485.175
2,717,382.318
3,260,858.911
3,913,030.848
4,695,637.205
100.000
120.000
144.000
172.800
207.360
248.832
298.598
358.318
429.982
515.978
619.174
743.009
891.610
1,069.933
1,283.919
1,540.703
1,848.844
2,218.613
2,662.335
3,194.802
3,833.763
4,600.516
5,520.619
6,624.743
7,949.692
9,539.631
11,447.558
13,737.070
16,484.485
19,781.382
23,737.660
28,485.193
34,182.233
41,018.681
49,222.419
59,066.905
70,880.289
85,056.350
102,067.624
122,481.154
146,977.390
176,372.876
211,647.459
253,976.961
304,772.365
365,726.853
438,872.241
526,646.710
631,976.077
758,371.322
910,045.623
1,092,054.791
1,310,465.801
1,572,559.024
1,887,070.904
2,264,485.175
2,717,382.318
3,260,858.911
3,913,030.848
4,695,637.205
